100 20
13.6075 -4.22468 11.324 11.9376 16.4659 -12.0979 -6.59109 10.7292 -8.88901 2.1588 -0.904118 5.15484 -5.40862 0.536036 18.0892 16.6478 5.42847 8.69188 -14.3359 4.27876 
-19.348 -10.2845 -14.5107 12.1671 -13.7328 -3.96222 -14.8084 -15.6476 19.957 -11.2697 0.517296 13.5645 4.50559 -8.15874 5.50209 0.971488 -0.256681 18.911 -8.29933 10.8543 
1.0698 10.7966 -3.99086 15.6612 -8.66741 -5.90167 12.309 16.7611 -17.2098 17.9731 1.03981 -16.5578 -12.3114 6.52908 15.6093 -6.04428 -17.4331 -19.1991 -1.69193 -17.4762 
-10.4688 18.8254 16.0883 14.0368 -9.33337 1.59041 -4.99172 10.4099 0.501415 6.70895 1.26426 -18.4288 -2.4945 17.2734 17.2324 8.83809 -8.62826 9.54137 5.59915 -5.83805 
7.51446 -13.361 -2.39582 15.203 13.168 -6.78651 -10.8413 15.7349 -5.98559 7.4668 18.2587 3.54561 6.29216 14.3471 -2.4176 16.9588 -4.06253 12.5907 7.36874 16.4389 
-0.700374 -11.367 18.0101 16.8051 -14.0936 15.2425 5.64322 -2.72186 4.78386 -8.75762 11.4401 -7.70169 -2.11866 -10.9557 -12.4987 -8.95061 2.25775 -3.33995 -13.2157 16.2722 
-15.8732 -14.957 -0.182237 10.419 19.3901 17.4002 7.3778 -4.67247 9.99084 -5.25346 -8.23359 -10.7095 3.37954 -10.2235 -13.9044 9.28594 -14.981 11.7388 -13.4359 9.80286 
-17.0188 18.0042 -17.8988 0.862535 -12.9516 -10.3975 11.9119 9.30618 6.26255 18.6962 5.57833 10.3894 -16.2608 -14.6039 0.808403 -16.8707 -17.2037 -11.8138 -1.54318 12.7871 
2.93275 10.2232 -17.9224 -13.6877 19.9997 -11.8269 15.5982 -14.9813 19.912 -17.8377 14.8216 -17.1068 -19.8335 16.9228 3.75569 -12.7851 -13.4747 -4.33239 16.5211 12.7878 
-5.63619 2.0994 3.1772 -1.89697 7.4955 -16.0144 1.23232 10.2918 -7.82819 19.6891 3.07884 15.1046 9.91237 5.1564 -18.5832 9.91211 13.3295 17.0151 14.9309 13.2415 
19.1774 9.75245 16.1347 19.3438 6.67521 -0.109659 -13.4413 13.2005 15.558 -16.9202 5.98828 -10.0782 5.17919 -10.8345 8.0248 -7.32531 -6.84892 -10.7429 -17.0336 5.32289 
-11.0537 6.04528 0.427439 18.8586 -8.79832 1.84428 8.77074 -15.4688 -1.14066 3.7016 17.7727 -1.9633 -6.54595 13.9074 -2.61947 -19.8707 -6.20228 3.93925 13.3297 -10.6443 
7.01904 -0.681989 -0.722567 -7.80177 8.48349 -12.6978 4.87291 -18.3654 -3.44065 7.83935 6.95746 5.50561 -6.11537 -12.6151 4.36423 5.08632 9.22917 -6.86502 9.61754 -11.9115 
16.8366 7.39026 6.12521 -9.70938 1.29764 -16.4943 -9.58012 15.0954 7.445 -16.2504 -15.549 -5.53596 3.06762 3.72846 6.66226 -8.44889 11.0307 -8.46482 -6.81432 -12.41 
19.3745 -19.8569 13.0956 -6.74084 -12.472 -2.54012 18.3455 16.7572 10.5949 7.96302 -15.1543 7.43143 -4.64672 10.9709 17.7221 16.6509 14.4767 -11.8581 11.7463 1.92168 
-8.10846 16.1973 16.3857 14.9592 -0.0742429 3.04798 -13.4897 -9.04355 14.5832 -0.304047 -1.45351 13.9577 -0.160904 -8.35787 -12.7832 7.36714 9.10201 -14.4377 4.12435 -0.303131 
13.5253 8.97008 -12.8717 -11.1214 -0.0589807 -15.1496 -14.4705 -5.5823 -7.00772 17.2758 16.3394 4.88382 13.4731 12.7251 -0.157023 -6.60113 -4.22691 6.35325 4.35531 -9.64376 
-13.9508 -17.0982 -15.6861 5.8883 -5.45607 -8.46922 -6.74457 -16.3541 -2.90689 17.3798 3.34281 -9.38155 6.34987 10.4711 -0.502925 -13.7091 15.3215 5.02661 0.708589 -11.6863 
2.30242 -2.95202 13.1976 -4.22446 -10.2269 -6.95946 9.1744 5.54617 19.3938 -6.47028 15.9024 -14.557 -3.56848 -19.7837 11.3313 10.9754 -8.25288 -15.4133 14.6214 8.84023 
-18.0335 -2.0358 19.4587 8.31636 -11.5647 -1.04424 14.6072 -16.2432 -16.0176 -4.68416 -7.92948 6.2848 12.3638 -14.7319 -17.9397 -17.8631 -1.69138 11.2347 7.68306 -2.29759 
-15.2355 3.58547 3.14539 1.19597 3.80181 -5.52333 -7.82858 15.5489 -0.936614 -13.2072 4.38916 1.02988 4.75702 3.84785 -10.6538 13.1923 -17.1964 -16.0465 16.9491 -13.214 
-0.730666 -10.9804 13.0708 -8.36685 -5.71228 15.1311 -6.22996 12.5963 6.36584 -18.5469 -9.70124 11.1303 5.03856 13.4441 -7.67374 -11.1596 -12.0792 4.49768 -15.6107 6.98421 
11.2905 8.77847 -11.9859 -3.95249 -7.37368 -2.63966 -10.7602 -4.57007 1.31384 -13.811 2.21591 -19.4168 -4.79141 -4.71331 -7.78368 9.49631 -9.58221 5.98636 2.09266 16.7836 
7.43945 12.3914 7.91393 -7.52198 5.83556 -19.7598 1.31839 13.7564 4.73787 5.7077 0.740595 -3.97164 -5.51383 8.75469 12.0759 7.11249 -13.885 -18.6843 -17.4576 7.42887 
-12.4953 4.75833 8.01205 2.71324 -19.955 -19.7716 -7.79045 -9.53719 6.21472 14.3022 -12.7536 -6.34582 6.69362 15.1604 6.1322 -7.47082 15.4006 -12.5494 -13.7144 0.138439 
13.1583 7.02616 16.1668 -12.3555 -4.21915 8.24267 14.757 1.89588 9.55838 17.2994 -10.6752 17.063 2.05772 17.3368 -0.223725 2.10274 17.5652 11.9858 12.5655 3.77989 
6.28804 19.812 17.4341 -7.01834 14.9724 3.56627 5.51084 10.3729 11.0169 11.7964 -9.48862 4.17515 -1.17743 -13.3218 11.8196 14.6034 14.9209 6.57658 -3.5007 4.47923 
3.87596 5.82406 1.54226 -14.0663 3.16086 -18.6815 8.03641 0.726027 13.3044 0.601963 -15.4941 -0.4076 0.413961 -18.06 12.5741 -4.61366 5.50625 -1.9151 -14.2407 -3.47689 
-10.1187 -3.72934 -19.3017 8.70387 2.94885 12.5179 3.30729 -2.1303 -0.905543 19.8066 -17.6511 -17.0296 5.63065 3.89119 -11.0959 -11.2085 5.20973 16.9405 9.51754 -1.48591 
-2.45753 14.0235 18.1065 17.9564 15.9634 10.6805 -6.65723 1.4697 -11.2346 -0.897951 17.9928 -1.35326 15.3727 18.6911 -12.6494 -1.67844 11.209 10.6579 16.1913 -9.69659 
10.4645 18.5402 -6.72617 -3.90485 2.43138 2.17793 4.88666 -12.3589 -0.881565 -5.5958 6.1552 16.6609 -11.5723 4.26169 14.6173 -15.6089 -5.05777 -12.0399 5.86081 3.70768 
7.06216 3.85362 -17.6456 2.43487 2.5447 -10.295 -19.2436 -6.24634 -19.6371 16.9477 4.05707 10.8274 15.4879 17.3309 -13.0774 -2.08074 -0.491172 11.8093 5.56037 18.6273 
-13.7865 -8.28444 15.2882 -5.35888 15.9773 9.90551 -0.967775 -9.08052 17.8656 -15.107 14.6272 4.92778 8.74665 16.9816 -12.6374 -8.70865 -13.3134 -11.8809 5.04501 -12.9504 
-14.9332 -10.8979 17.877 -19.4453 -13.567 -15.2004 -1.52609 5.9418 16.6088 -15.9657 4.56907 -17.1777 -4.25016 -0.142761 -2.5366 -8.27291 -10.2373 16.4956 2.64658 -12.3716 
-18.6113 -2.72626 12.5561 10.1353 -5.74468 19.9188 -18.5733 0.941935 -11.9621 6.47166 7.99149 -6.89536 15.5737 5.86847 -6.34071 -17.9933 10.668 12.1332 7.94852 7.27687 
16.1675 -7.48241 10.0991 -8.08267 12.3748 -12.4375 3.64442 -17.8624 -15.9418 -13.709 -10.2341 -14.5532 3.56474 -17.6779 15.5821 17.8201 -17.7591 17.0088 -1.238 -9.72124 
3.48045 -13.2465 3.38341 -0.945813 12.622 17.0427 1.0609 3.29001 9.17591 -10.9906 -9.43312 5.34339 1.52701 -19.334 17.2607 -6.09816 -11.7714 0.905146 -3.96059 -7.71327 
7.19615 5.80536 -2.26645 -9.23911 8.12745 -6.68432 -11.419 10.3683 -9.67553 7.34296 -19.3529 13.8049 14.0964 4.03051 -7.1409 6.71841 1.07321 13.92 -9.99159 -9.75088 
-17.0706 0.575287 15.5925 4.45644 1.24131 12.8532 18.3583 9.46988 -6.24162 -5.60231 -18.2434 -19.0455 -19.797 -0.509833 -8.28458 8.3305 12.8058 0.296382 -1.30117 -16.8697 
-12.3607 -0.654066 16.9352 -18.2642 -16.6236 -10.2057 8.45419 4.44965 -16.2857 18.4626 14.6988 -13.3562 -0.962106 10.2913 11.1002 -19.7208 3.1445 9.45848 9.74908 16.9029 
-16.1438 11.5057 17.8574 -15.9408 -9.00414 -10.4272 12.3897 -16.1983 9.86921 -8.91145 -13.068 17.5086 10.4345 -16.1327 19.2443 13.8109 -6.33841 7.69854 -1.73943 -2.62408 
6.16115 -7.04067 4.01969 -14.801 -16.7494 -4.88011 -14.5218 6.3951 -15.4216 15.2273 3.29799 -11.5655 6.73302 1.15539 -7.50626 17.7289 10.7282 -15.1166 -18.4694 0.597438 
-4.028 -11.5374 -1.89401 -13.5935 -7.67013 -2.64966 -19.7826 5.99146 -14.9511 -1.52204 -16.6326 11.21 11.4373 7.38707 16.4091 14.6879 -17.493 -18.1127 1.083 -12.9147 
17.1146 -15.619 -4.48015 3.84765 5.53638 8.01358 1.57654 -3.7354 12.897 3.10713 16.862 -11.131 11.5697 -5.03197 -4.72449 -16.1004 12.3184 -4.5071 9.89108 17.3672 
13.9709 13.2585 8.57727 5.40816 0.645543 4.98633 0.0960507 3.1525 6.87363 -18.821 10.2378 3.98826 -14.44 -14.2423 -12.1641 11.0964 13.7712 9.41245 -12.639 6.66828 
-7.48042 -15.7769 15.5373 -15.9107 -0.808914 -9.18718 -12.011 -8.49054 6.30572 17.88 -11.1233 0.276586 11.1385 17.454 -14.3153 -8.21595 2.44029 5.78079 14.9366 -10.6861 
6.95984 5.17437 13.3022 12.5199 10.932 -18.8619 3.61628 4.70329 10.5506 10.9773 -8.62843 -16.9299 15.2003 -13.0911 -12.8405 -5.60857 -2.27829 -4.85158 5.90089 -15.9726 
-6.97154 14.7776 4.30401 -15.833 12.2316 9.98876 -4.04898 -5.32815 -4.23045 -9.11243 3.98578 -17.2706 16.0619 -2.71204 15.2493 6.99398 -1.57393 -1.13445 -8.30273 -11.0234 
-10.1572 3.06884 -7.95325 -14.9568 9.97773 -0.79378 -0.56537 -12.3006 14.3546 -14.6645 -8.27314 -12.6169 -19.8869 16.0309 -8.44994 12.3447 6.01963 7.50108 -12.9835 -18.2108 
18.3887 11.0023 -15.4814 14.4506 -11.7097 19.7678 1.44458 6.71633 -1.36661 13.1419 15.693 8.47624 -3.78931 -12.2603 13.5194 -13.8116 6.94593 -7.04593 -6.11215 1.30057 
-1.71041 5.61471 8.68366 -1.5973 1.64558 -19.7663 -9.25263 -12.3348 7.73481 -2.23611 -10.5456 6.12347 -11.2338 -6.02704 0.574068 -2.94354 -6.2592 -17.9813 -16.2272 12.3742 
15.1605 19.4657 0.850431 -8.6288 -12.7945 -5.63013 -2.44038 14.1514 7.32393 11.4475 -4.54805 -14.3865 -2.93782 -15.8644 4.01622 18.7078 -15.6307 14.7636 -13.627 12.1041 
-7.47252 -4.17263 -1.77238 1.29368 9.80033 18.8017 18.3501 -16.4589 -19.1797 -17.8771 15.9153 15.9808 -18.4113 -3.23424 -12.648 -11.2059 11.1356 4.91165 -17.0545 -1.54044 
-3.64088 -1.60254 4.07308 13.4213 2.53307 -11.9107 12.1291 6.90241 -17.1471 18.502 -0.993445 -4.61964 -5.67059 17.2342 16.674 -15.8703 16.0359 15.0242 -12.3291 16.8562 
17.1471 -16.4138 12.837 18.7358 0.351955 -19.8109 -12.4701 -8.51242 5.10071 -9.52456 9.94713 -18.5402 8.8729 -5.97979 14.8811 -8.59403 2.1095 7.01021 18.3084 4.96238 
5.51225 -2.68507 -19.6573 19.8417 -5.4509 17.0168 -16.0286 -9.41505 12.041 -8.35772 -12.5589 9.18806 -4.77152 -19.7218 7.92385 15.5804 -19.5328 15.4538 -12.932 5.56794 
-14.0708 17.0151 7.02778 14.8021 -8.96464 1.90891 -13.7919 13.1449 -11.0809 -15.4836 -1.89275 14.4314 1.83138 -1.55001 14.273 16.3805 -4.53323 18.2444 -13.0346 -12.4923 
-10.1133 -5.59343 16.6958 5.11519 -5.31526 4.61964 0.695629 -4.84803 0.0734134 7.76364 -19.2801 6.00262 4.77879 7.74768 0.804731 15.8141 -10.3434 7.01281 8.95901 -1.42428 
11.5293 -12.9337 -6.99292 -6.63937 5.51625 -12.7199 -10.2589 -19.017 -14.4755 -3.29346 -11.5093 -4.58874 11.1131 -14.8135 -19.4735 -14.2022 9.80618 1.22209 0.949814 -10.1204 
-11.0143 1.66972 15.8822 13.7645 -10.5826 -3.31306 9.57867 -0.926 -16.3003 -1.46232 17.6497 15.229 5.60394 -9.3432 -11.4104 -8.87981 -2.06309 -1.66926 -7.89679 3.46146 
15.0373 0.593952 18.8727 6.15039 5.78049 19.3992 11.9482 -4.41334 0.621273 -7.10195 5.46625 9.607 14.5678 1.34847 3.37152 -16.0148 18.0354 -7.04981 3.05917 -18.2648 
11.4879 0.708889 16.9642 -2.90819 11.3657 -14.4462 8.212 -10.6974 3.88454 -19.6848 12.7641 -1.07818 0.909156 11.6368 -14.9278 -13.3104 11.036 17.0204 2.27631 -8.34275 
-10.0815 -12.2574 -18.7357 -15.5137 9.09103 4.63578 -11.5286 7.12644 17.586 11.5306 8.8616 9.07385 -7.7605 5.82576 -13.8343 -16.3948 11.3796 14.3777 -7.09221 -4.7359 
14.6929 -14.3281 14.1859 -4.39799 17.3086 19.2581 2.29166 8.34462 16.2786 -15.432 -19.9981 -13.8029 -7.68947 -18.7339 -9.31667 -18.5984 5.90191 -0.845235 8.528 3.48788 
-9.31462 -2.6104 -7.43827 2.92487 -16.7846 -1.27262 6.53006 14.5949 -6.89496 19.4379 -10.141 -12.2021 -14.8903 -15.9551 3.39992 -17.5816 -16.6969 -14.3084 10.763 19.5817 
-9.74046 10.7649 -14.2213 2.57007 12.031 -3.53795 3.97163 -2.06711 15.6168 -7.50038 -18.5792 -13.6978 9.88922 -6.0175 9.22706 13.1046 12.7099 -4.24288 7.69951 -14.1851 
-4.80502 17.5585 -6.38718 0.304685 -18.3965 17.0127 2.72304 -15.0934 -17.2957 -6.51398 -15.5118 -7.03615 -15.7491 -9.73307 15.5339 16.2819 6.72898 -0.494449 -5.78525 2.34579 
12.0052 -4.36448 8.64798 1.8944 9.61802 -2.12496 -5.00102 2.3279 13.6322 -17.3015 8.14283 -11.1729 -19.743 -18.2443 9.13183 -18.1395 18.7684 -8.14513 -13.2329 -18.5273 
5.34089 -8.74472 -5.56344 9.59176 1.52221 -10.0295 5.87362 -11.7488 9.47603 -19.9116 10.597 1.48121 -4.27611 -0.755035 -16.6244 -14.6581 17.12 -1.62541 7.66981 10.7522 
1.07308 -4.18736 19.5793 1.3301 -2.43171 8.71114 3.19061 -3.66332 -19.434 9.95768 -2.19061 5.90689 -18.787 12.2459 -4.50135 2.73518 -17.7836 -18.6277 10.9864 11.6925 
-18.5394 1.58336 -6.82633 -2.81547 -19.1717 -3.45073 2.52644 17.9483 14.9239 -9.80374 8.7005 -4.00306 6.0089 8.27981 17.327 -16.4228 -3.00905 0.517656 -0.0861286 -2.44304 
-9.52466 17.7233 -16.5362 -8.3117 9.9692 -1.0375 14.4235 12.1856 0.334775 5.40984 3.87809 1.79542 -13.0068 17.0518 18.9799 -12.1785 -6.39897 1.50639 -14.2301 -11.4751 
11.7026 14.4703 4.52183 -2.28846 2.75016 1.84888 1.28873 19.7411 -17.6335 -18.7974 -2.70194 -7.15813 18.9259 0.761913 4.53016 8.89506 19.7244 -1.04636 1.08069 0.0591905 
-15.6365 -15.0412 -18.1454 -8.64332 -17.9895 -19.1654 -0.821797 -4.38844 2.34095 4.94805 4.13644 -5.9564 -0.581598 -11.3417 11.7551 -17.8314 10.5072 -6.95613 -18.0903 12.8737 
-5.75352 -0.792265 -14.2844 -6.82766 19.9696 10.2457 -17.9326 19.6941 -10.8006 3.1481 -0.246747 -6.43717 8.10688 1.60786 4.91951 10.1174 2.44242 -15.9023 -14.271 -15.2166 
9.04577 9.86541 -1.17304 -11.5358 18.5237 -9.4179 -9.36727 9.03084 3.62598 -7.4576 1.90452 17.8725 11.7501 7.62007 -8.9552 11.7198 -2.13421 -6.8878 11.4138 7.06514 
16.2603 -8.8329 -19.372 4.36718 12.775 5.54748 -5.51541 -4.78262 9.6452 0.213552 0.000743931 -1.30903 -9.92104 18.8277 7.15514 -11.3974 -10.5902 17.7879 17.6335 13.0358 
-9.66973 -0.462001 10.9082 -17.9196 -12.8419 -18.047 13.8002 5.02385 -4.93477 5.21405 -7.91101 -8.67447 16.3811 -7.28304 15.6927 9.15611 18.2644 -9.8227 -15.6265 7.90964 
10.3909 4.37423 -13.3994 -19.5302 3.20194 13.7557 -10.9275 12.6117 11.5436 -13.2941 5.64753 -18.1261 6.24394 -3.44424 -16.0457 13.402 -1.4912 17.7545 -1.57414 13.574 
2.96855 10.5149 -15.1004 -0.650305 -16.7682 -19.4077 -11.4942 -18.5037 -9.23043 -7.12071 9.40589 -18.8396 17.2535 16.0065 -18.3698 0.455454 9.76225 -9.29731 -6.9328 1.30586 
-2.59137 18.7147 3.17975 -16.3474 -4.72951 7.13406 17.0546 13.7793 4.88856 -4.51957 7.35331 -12.1429 -14.0047 12.2529 7.2068 -10.7729 12.8452 15.7126 -9.27665 -16.3853 
-11.4081 -19.8708 -15.2248 -14.1546 16.1357 -13.5946 6.30087 5.89799 -2.89192 19.3681 -12.7961 14.5167 18.0828 10.3836 18.1693 -6.64672 -2.48233 15.2239 -12.8674 -17.5938 
-9.29571 14.4859 -9.73666 -3.30042 6.73874 17.4701 5.92667 -0.416106 13.1827 16.65 3.19862 -18.2254 16.7793 7.97377 -12.3799 12.915 14.3792 13.9209 -1.18701 -8.51276 
13.289 6.01684 -13.996 11.3718 -3.59955 -15.8268 -15.2749 13.9181 19.3971 -8.14239 16.3243 -9.89861 -13.6565 -13.4123 6.80096 13.0822 -15.9422 -7.27237 -7.33388 17.2406 
-10.6223 15.8647 19.0152 -13.8431 3.83851 -13.3647 19.0719 -1.78234 -19.4438 -2.11509 9.7049 13.8452 -16.0983 15.7089 5.21697 0.3022 19.8821 9.94203 -5.77968 19.2792 
-18.2004 -9.45534 -10.6194 -11.8569 -2.86766 16.1815 -18.7747 1.19016 -11.0908 -6.10853 -1.56927 -1.71318 -10.2438 -2.55406 4.44374 13.5947 4.08121 3.51565 -8.18763 4.63741 
-18.5994 -18.4827 -1.5174 -14.6977 17.2261 -16.3004 5.6045 17.1082 13.6416 19.8248 16.3874 15.4412 -9.63052 -14.232 -16.4156 7.50182 -18.0505 -15.1903 -11.308 -9.14129 
-1.29883 7.12271 9.14554 8.45737 -15.4313 -6.41073 2.05208 8.64987 17.1049 13.8645 -6.71272 18.5055 15.3817 11.7699 -16.1922 12.6079 15.4695 9.41228 9.7161 9.11105 
9.2371 6.10353 4.55229 19.6066 11.8715 8.13665 7.1084 13.8211 12.9464 15.8004 -15.3202 -8.35247 2.9231 13.8253 -19.8951 7.49175 -12.5854 2.15699 -3.85838 -15.4805 
-3.97855 9.42891 -16.975 -8.59682 1.19879 -13.1672 -15.9889 -3.33176 16.2451 13.7272 -14.2207 5.48216 -0.169313 10.3316 5.08874 -8.29779 -1.53177 -7.80286 -14.4767 -8.58541 
-12.0025 -9.79694 3.06212 10.9206 -15.9716 3.16702 -1.58762 -8.55703 -14.676 14.554 -4.03751 1.34545 3.98291 -1.01251 12.7486 -14.8183 5.82026 16.7597 1.84994 2.06532 
10.4869 7.62923 -12.4525 -9.68246 -2.03919 12.6362 2.01976 16.429 -15.1666 7.54303 -12.1564 -7.16912 17.7461 10.9058 -16.2485 -18.2255 -5.92723 2.16388 -6.78255 -0.603221 
-3.28212 9.17994 -19.2578 -19.2992 -11.8326 13.4909 -14.1175 13.9877 10.2506 7.73242 -3.947 0.737422 -4.63835 3.60048 11.055 13.3225 -3.76331 -6.92528 9.75151 1.07005 
-19.3822 17.5951 13.9009 18.3638 8.50089 17.6524 -19.8617 -17.4263 -0.18368 -6.64423 1.97044 16.5342 -17.4643 2.71268 17.235 -9.29686 -3.79645 -16.8825 -15.3092 -13.5459 
10.8499 0.743827 7.19153 -13.7884 -15.6557 -1.7535 19.534 0.580994 11.3212 9.28553 -18.349 11.939 6.88068 15.552 10.3028 -4.61843 13.2044 10.4411 -2.04477 -6.97927 
-16.2031 19.9257 -10.4451 -13.6674 2.63835 -13.2101 -2.96423 18.8419 -10.0926 1.72659 -14.704 -19.2427 -17.5296 12.4875 -13.0311 -13.1853 -9.26596 -13.4971 7.39572 -17.9447 
15.7884 9.04676 13.9942 2.66911 4.59873 4.29706 18.0507 -2.19686 -5.26179 -3.99409 10.8239 -1.46487 -4.06841 -19.6212 4.86776 18.5699 -12.8313 -18.0965 17.4118 -2.92386 
3.63012 -17.2922 -2.16654 6.10054 15.1954 4.80233 12.9153 -14.0706 11.3052 0.310991 -12.0153 7.09367 -10.6422 -18.0211 -10.2372 13.9565 6.27599 -12.1865 -8.24037 -18.9858 
3.81937 -17.4165 -0.450676 19.751 -17.0377 -15.5829 18.3209 -9.86896 -13.6794 15.7327 7.20719 9.95073 18.4406 -14.9594 -3.94872 13.6359 9.84298 -11.0335 19.5654 1.14822 
9.27754 -12.4499 -11.7581 18.6353 -10.471 -1.99534 12.5918 15.805 5.81812 -15.6486 16.8192 -10.3625 -13.0651 -3.6315 -10.6116 -10.1028 0.785586 -12.2907 0.0282621 7.1062