10 15
13.6075 -4.22468 11.324 11.9376 16.4659 -12.0979 -6.59109 10.7292 -8.88901 2.1588 -0.904118 5.15484 -5.40862 0.536036 18.0892 
16.6478 5.42847 8.69188 -14.3359 4.27876 -19.348 -10.2845 -14.5107 12.1671 -13.7328 -3.96222 -14.8084 -15.6476 19.957 -11.2697 
0.517296 13.5645 4.50559 -8.15874 5.50209 0.971488 -0.256681 18.911 -8.29933 10.8543 1.0698 10.7966 -3.99086 15.6612 -8.66741 
-5.90167 12.309 16.7611 -17.2098 17.9731 1.03981 -16.5578 -12.3114 6.52908 15.6093 -6.04428 -17.4331 -19.1991 -1.69193 -17.4762 
-10.4688 18.8254 16.0883 14.0368 -9.33337 1.59041 -4.99172 10.4099 0.501415 6.70895 1.26426 -18.4288 -2.4945 17.2734 17.2324 
8.83809 -8.62826 9.54137 5.59915 -5.83805 7.51446 -13.361 -2.39582 15.203 13.168 -6.78651 -10.8413 15.7349 -5.98559 7.4668 
18.2587 3.54561 6.29216 14.3471 -2.4176 16.9588 -4.06253 12.5907 7.36874 16.4389 -0.700374 -11.367 18.0101 16.8051 -14.0936 
15.2425 5.64322 -2.72186 4.78386 -8.75762 11.4401 -7.70169 -2.11866 -10.9557 -12.4987 -8.95061 2.25775 -3.33995 -13.2157 16.2722 
-15.8732 -14.957 -0.182237 10.419 19.3901 17.4002 7.3778 -4.67247 9.99084 -5.25346 -8.23359 -10.7095 3.37954 -10.2235 -13.9044 
9.28594 -14.981 11.7388 -13.4359 9.80286 -17.0188 18.0042 -17.8988 0.862535 -12.9516 -10.3975 11.9119 9.30618 6.26255 18.6962