 20   9  16   9  -3   1  -2  19 -10 -14 -17  13  20  14  10  -4   2  16  19 -13   7  17   5 -15   1  -4  12 -16   4 -20   4  15  11 -17  15   1  19  -2  -4 -13  15  14  -6 -16   6  -8 -13 -13  15  16
-16 -13 -20 -11   5  17   8  -7 -15  11 -10   6  -6  -7   3 -20  -3   2  19  14  14 -17   9   9  19  -4 -11   8 -18  -8  -2  13  -2  -5  17   9   3  -9 -20   7   1 -13  -4 -14   1  15   7   2  15  -2
-10 -15 -19   7   4  19  19  16  11  -8  10   7   8 -19 -15  -1  -5  -7 -17 -20   7 -13   8  16 -12 -19   1  -2  20 -17 -19   4  15   2  -4  18   4  13  20 -10 -19  20 -20 -19 -13 -17 -10  -2  20  -5
 20 -20 -14  18 -14 -18  -6 -18  -9  -1  -3  -2  -6  -5 -19  14  10   8  -8   5 -13   5  16 -17  16   6   8  -2  -3 -13   4  12  -3   2  17   9  -4  -5  12  -5  13 -12 -19  19   2 -15  -2  -2  -1  -7
 12  -6  17 -17  18 -17 -19  -9  -3  -3  -2  -5  16   1 -10  -3  20 -17  11  19 -17  14  -3 -15  -6   4  -7   9  -3 -14 -19 -20  -2 -17   3   3 -16 -11 -17   2   4  11 -20   6 -10  -7 -10 -12  -8  16
 10  15   7 -19  -8 -19   6  10  -4 -20  -2   2  18 -19   5  15  19  -4   6 -14  -8  -6  -4   0  17   6   7 -16  15 -17  -4  19  -8   5  19  15  14 -11  17   3 -17  -5   9 -12 -12  13 -20  -2  -2  18
 -8  14  12 -14 -11   2   3 -20 -16 -17  -2   4  -5  -7   8  -5  -5  20 -20  14  -2  -2   2  20 -10 -14   2  -6 -16  17  11 -13 -13 -13 -12  15  -6  -9  10 -17  11   3   5  -7  13 -18  -2  14  12 -18
  3   2  15   4 -15  -2  12   4  -8  17  -5 -16   8  -8   9  -9   5   3  15  17  -8  -6  17   9  19   5  -1   0   6   8  14  -8   1  10   0  14   5   8   2  -4   0  -3  -7   9 -10  16  17 -18  -1  -7
-18  13   8   6   2  -5   8 -11  16 -17  17  -5  20   8   8 -13  -8 -16   2  -3  -5 -11 -12 -19  10  18 -13 -20   5  -5   6  19 -16  -6 -10   6 -11  -6  11 -19  11  -9   7 -13   4   1 -19  -1  -9 -15
 -7 -19 -18  -1  10  16  12  -4  -1  -5 -12   9 -17 -13   2 -18  11   8 -13 -11 -17 -18  -5   7  -9   6  -2  -8   0  -2  16  20  -4 -18  13   5 -12   0  -4 -16  15  15  -1 -17 -20  11   4  19  -3 -20
 -8   0   3   0  -5  20 -15 -10   1   1 -17  12   9  -9   4   5  -4  -3   8 -11 -13 -18  15   4  -1   6   1 -18  -8 -16 -13  12 -17  -3 -14 -11 -10  10 -12 -10   2  10   1 -11 -16 -15  11  15 -17  17
-13 -20  13  -2   9  -6   0 -10   1   7  -4  -7   6 -13   8  -8  18  -9  14   5 -14  -2  19  12 -11  -4   5  -5   3  19 -10 -14  -9  13 -14 -17  -5  -8 -18 -10  -9  -2  13 -18 -18 -17  18  -5   6  12
 -2  -9   7   9 -10  19  -8  -4   7 -14   0  -5 -15   1  18  -3   0  13  11   7 -18   8 -13  -7   0  -9 -14  16  18 -12 -16 -14  -8  -2   9  -9 -15 -19  18  -5  18   8  -8 -20   1 -19  15  12 -18   5
 18 -15 -16 -11 -19  -2  15   5 -12  -2   0  -3   8   8  14  10   0  17   9  12  10 -11  10 -19 -16 -18  17 -10  -4  -6  -7   5  -9  17   2  -9   3  13   4 -18  12  14  -3   8  16   7 -17  -5   2  14
 -7   4   7 -12  10   8  19   2  15  17 -12  -5   0 -19 -12 -18  -4  -9  15  -2   3   3  10  18  -2  16  -6   3   2 -17   9  -7 -12   1 -18   5   7  -9   1   6   3   1 -18  -9  -3 -11  -9   3   5 -13
 -1  -6   8 -16   5   4   7 -16  -4   8  -6 -12  -6  19   7 -15   0 -12   6 -10 -12  17  -1  -5   3 -13  10  11  15  -7 -19 -19 -15  -4   1   3 -16  -2  12  20  -1  -7  16  12   2  -6 -10  16  18 -14
 -5   7  -7  -9   6  19  11   8  14  16  16   1 -19 -15  16 -20  -5 -12   4  -2  -2  -9  19 -12 -16 -12  16  13   4  12  -1 -19 -13   2   5  -5   7 -10  12  -5   5 -14  11  12  -6  14  13   4 -14 -19
 18 -20  18   1  -6  10 -20 -12  -8   0 -20  18  13  -2  15   0 -12  -7  14  -3   9   1  17   3   7   9  -3   0 -14  16  -4  19  -1   5  -4  -5 -15  -5  18 -14  -6   1 -10   3   3  -3  -6   2  -2   7
  2 -12 -20 -19 -15   3  -1 -17   3  -5 -14   8  10 -19   1  -2  19 -16  14  -2 -20  15  -3  19 -17 -12 -20 -19  -9   6  20 -11  14   6 -20  17  19 -13  -5 -14  -6   4  -5  13   2  12  -3  18  18 -19
 15   2  -1   8  -6 -13   3  -4  13  -7  20  12  -9  -7  20  10  12   5 -15   4  12  -5  -5 -10   4  19  -4 -18   8 -10   9 -11 -14  -8  11  12  -5   7 -15   9 -15  -6  13  -1 -17   6   9  -1 -11 -17
 -9   7  -6   5   3   3 -17 -13  12 -16  -9   0   7 -11   8 -16 -17  13  -4  -5   1   2 -14 -11 -14 -17  -5  -6 -10   6  -7  -2   9   8 -20 -11 -17  12   3  -7 -13  17 -15  -8   3  12  -1   8  14  13
  9   6 -18   5   3  -1 -19   3 -12   6  17   5   5  19  -7   4 -18  -5   2   0  12  -3  -1   6   1   4 -15  -5  -3  14  -8 -12   3  13  18  15  16   7  -5   2  -8 -18 -17  -8   0   3 -16 -18   1  17
 -4  -4  -6   0  -1  18   6  16   5  17   4 -19  -9  18 -10   7  17   9 -12  -9   3  -3  11   4  15 -13 -15  -8  -9   2  -9   1  -8 -15  -9 -20  16  -1 -12   6 -20   1 -15  20  -3 -14  13 -13   7 -18
 14 -19  -1 -11  10  18  16   8  -4 -19  -8  19  19  -5 -18  16 -10  -3  -3   0  18 -17  -4   6   2  -4  15   8   0 -19  -7 -16 -19 -12 -18  -6 -17 -12 -15  20  15 -13  15  19   4   4  -2   5  -3   2
 -9  -6   8  18  10  16   7  15 -18 -18  17  14 -10  -5 -14  11  -6 -19  18  16   3  20  -7  16   1 -12 -20 -20  18   3  16  20 -15   0   7   7 -12   0 -16  17  11  20 -20  15 -15  -2  12  20  -3  -6
-14 -12   2  16   4   0  10  14 -18 -14 -15  15  -9   6 -20  14   1  -7 -10 -10  -8 -14  -4  16   6   9  -3  -8  16  -5  18 -10   8  -5  -9  17  -7  12  -5  12   8  12   9  -6 -19 -20   9 -16   1 -20
 -9   1  10   8   6  16  17  -6   4 -17 -19 -19   0   6   6  -6  13  17   0   8   6 -20 -18   7   3   1   7   9  -9   0  17   8  -4   1   7  -7 -20   3 -19  19  -3  -9  20  11   8  -8  19   4   2   0
  9   3   7 -20 -12 -16   6  20   2 -15   0   2  13  17  15  -7 -10 -16 -10   0   6  14 -18 -16   8 -11  -1 -15  -3 -15  -4   5  -1   9  -9 -20 -20   4 -15 -10   9  17  20  19   4  -6  -1  15  20   4
 -9 -11  -6 -18   5 -14  -7  -7  -8  -1  -6  11  -1 -12  -2 -14  16  11   2 -20 -19   4  -7 -11  -8 -15   8  -6  -5 -18 -17 -14   7 -17   1   4  -2  20   4  18  15  -8  -3  -9  -8  -2   1 -17   2   9
  6   4   1  -2  10  14  -8  -7 -16  16   2  13 -12  15   7  20  16   7 -19  -2  -5  -4 -16  -3  16   8  -7   6 -11   7  -7  -3  19   5  14  20 -16  13 -10 -18   3  10 -10  13  17   0   0  12   8 -18
 17   1 -12  14  -1   0   2  -5  16 -12   9 -19 -20  10  -6  18 -11   5  10  -8 -12  13   8 -16  -5   3 -13  -3  -2   6  17  -4  -4 -10  10  -9  13   9  20  14  -9  14   3 -14  -3   4   7 -18   1  18
  1   5   6  11  18 -14   2  16 -20   8  18  -4  -8   8   0  -2  -3 -20   6   2 -16  -8  17 -11 -10   8   9  12 -18  17 -19  19 -16 -20  -4   5  15   1  -8 -20   3 -17  -4  -5   2  16  18 -19   9  -1
-16 -11  16  19  10   4  16   3 -12 -13  18 -18   0  12   1 -19  -4  -8 -11 -14  12  20   1   6 -12   0  19 -14 -13 -13  16   8   6 -16  -4 -11  10  18  17   0  18  -6  20   1  20   0 -13 -10  19 -18
  0 -15 -15 -15 -18  12  12  -5 -14 -16 -15  -9   0 -15   1   1  -6 -16 -19   7 -11  -5  -6  -2 -19   9  -7  -1   0   2  -6   2  20  13 -12  17 -16   0 -11 -15  -2  18  -5  -8 -14  -3  12  11  -5  12
-13  -1 -11   6 -12 -14  -5  11  14  20  15  -3   6   4   7   2 -14 -11  11  18  -5 -15 -10   1  -2  18   9  13 -16 -19  13 -13  20 -17 -11 -11 -11   0  -7  12  15 -14  19 -20  12 -16 -15   5   4 -16
-10  -3  19  19  11 -13   5 -15 -20  -9   5  -7  18  20   9  13 -13  -9   8   8  -2  -7  18  19   2  -6  20   2 -18  13 -12 -16 -11 -20  -1 -13   3  -1  14  -4  -1  16  19  -4 -19  -4  -2  -5  13  -8
 -1 -12  14  -4 -13 -20  -8  -4 -12  -8  12   0  14  16  10  11  -1   3 -16 -16  -7  -6 -20 -16  18 -14  20 -17  18 -20  -6 -11   7 -18   5 -18  -4   3  -2   1 -20  -9  -2  10   3 -14   5   1  11  -8
  5 -14 -15 -19   0   7   0   4  -4  16   6   8  15 -11 -18  -3  15 -14   0   5  10   5 -19  16  14  20  -9 -14   2  17   3  -7   1  16  -8  17  -5  -8 -20  15 -12   8 -12  19  -8   3   2  14  -6  -2
 -5 -13  15  10  -7   8  -1  16  -4 -14   4 -15   1   0   6  -3  -7  -5   8   0  -5  -8   0  -1  13  19 -10  -7 -11  10   6  -5 -19 -20 -15 -15 -10   7  -2  -1   8  -1  -2  18  13 -20  -7  -3  -4 -15
  3  11 -17 -16  -5 -17 -15   3  -6  16   7  19 -12   9   9 -15   0  14  -3  16  -2   3  -9  16 -11 -20 -20   2  -6  -4  12  15  14 -13  -4 -18  15 -14 -20   9   3  12 -17   9   6  11  -7   8 -13  19
  1  -5   9   8  -6   7  -6 -17  -1  20 -18   2 -13   1 -19  -6  -7  -1  18  12 -14   5  -8 -17  -7  18  18 -18   4  11 -11  -1 -18 -20   4 -19   9 -18  14  -4  17  -3 -11 -17  -8  19   6 -17   0  10
  2  -4   3   3 -14  10  -3  19  -5   1 -17 -15   9  13  10  -5 -13  15   9   3  19   8   4   8  -7   1  -2  16 -19  10 -19   1   6 -14  17 -17  -2  -2   4  -1  -1  17 -20   5 -20  20  10   3  -3  -8
 20  13  14 -10  -5 -10 -19   2 -15  -1  -2  -9 -17 -19 -17  17  -5 -14  -8  -4 -14  12  14 -12  15 -14 -19 -10  -3  11 -20  14  -3  -3 -14   6 -20   7  -9  20 -10  -8   1 -20   6   5   0 -20   0   4
 15  14  12  20 -14 -14 -18  10  -7  19 -20  -3  18  -2   3  -8  -1   4   9  -7 -16  17  10   7   5  -8 -16   3   4  20  18 -18 -15  -9  -5  14 -16 -18   2  20 -19  12  -6  -2  18  -2   2 -13 -11 -10
-19   6  13  -5  -7  -4  -1 -19  -1  16   2   9 -17 -10   0   9  -9  14   3 -16   7 -20  -1  -9  -1   3   2  15 -18 -17  15  -3  12 -10  -6  10 -19 -19 -17   2 -17   5  14 -13  17 -20  -4  11 -18 -13
 13 -12   5  -3   7  20  -4  -5 -20  -4  18 -18  -9  -1 -17   2 -10   7  13 -13 -10  18  -7  -9  -4 -16 -18   8 -10   4  11   6  -9   1 -19 -13  13  -3 -16 -16 -15  20 -13   7 -14 -13   2   0  -8   2
 -9  19 -13  15   4  14  -4  -3  -4  -3  -6  -8  -8   5 -10 -13   1  15  18 -18  10   4  -6 -19 -12  -7  -9  19  14   9 -14   9   5  -7  -1  -5  -8  15   6   5  17  -9  -3   9  18  -5 -19   9 -16 -20
 -2 -20  -9 -15   9   0  11 -10   9  15   0  14  16 -18  18  19  -1   7   1  13  20  16  17 -11  13  -8  -9  14 -13  15  -9 -17 -19   4  -6   3  10 -13 -15  -5 -15  14   2  -8  11  -5  15   8 -17  17
 20  17  -1   3  -8 -15  20  11  20  -5 -13 -19  19  -8 -11  20 -14 -11   2 -12  11  10 -10  -3 -18  13   9  11  -9  -9  19 -17  -7 -15  16  -5 -18  20   1  -5  -9  20  16   9 -10   1   2  13  15  -2
 -4 -19   3 -18 -15  18 -11   3  20   2  10  15   3 -12  -2  -6  -8  14 -13  13  15  -7  -1 -18  -6  -4   7  17  19   4   9 -19   6   9  -8 -14  15 -18  13  15  -8   6   0   4  -4  -3   3  -8 -20  10