20 20
34.0188 -10.5617 28.3099 29.844 41.1647 -30.2449 -16.4777 26.823 -22.2225 5.397 -2.26029 12.8871 -13.5216 1.34009 45.223 41.6195 13.5712 21.7297 -35.8397 10.6969 
-48.3699 -25.7113 -36.2768 30.4177 -34.3321 -9.90556 -37.021 -39.1191 49.8925 -28.1743 1.29324 33.9112 11.264 -20.3968 13.7552 2.42872 -0.641701 47.2775 -20.7483 27.1358 
2.6745 26.9914 -9.97714 39.1529 -21.6685 -14.7542 30.7725 41.9026 -43.0245 44.9327 2.59954 -41.3944 -30.7786 16.3227 39.0233 -15.1107 -43.5829 -47.9977 -4.22983 -43.6904 
-26.172 47.0634 40.2208 35.092 -23.3334 3.97603 -12.4793 26.0249 1.25354 16.7724 3.16064 -46.072 -6.23624 43.1835 43.081 22.0952 -21.5707 23.8534 13.9979 -14.5951 
18.7861 -33.4026 -5.98955 38.0075 32.9201 -16.9663 -27.1032 39.3372 -14.964 18.667 45.6468 8.86401 15.7304 35.8676 -6.04401 42.397 -10.1563 31.4767 18.4219 41.0972 
-1.75093 -28.4175 45.0252 42.0128 -35.234 38.1062 14.1081 -6.80466 11.9596 -21.8941 28.6002 -19.2542 -5.29664 -27.3893 -31.2467 -22.3765 5.64438 -8.34987 -33.0393 40.6804 
-39.6829 -37.3925 -0.455593 26.0475 48.4752 43.5004 18.4445 -11.6812 24.9771 -13.1336 -20.584 -26.7738 8.44885 -25.5587 -34.761 23.2149 -37.4525 29.347 -33.5898 24.5071 
-42.547 45.0104 -44.7471 2.15634 -32.3789 -25.9938 29.7798 23.2654 15.6564 46.7405 13.9458 25.9735 -40.652 -36.5098 2.02101 -42.1768 -43.0094 -29.5345 -3.85795 31.9677 
7.33186 25.5581 -44.8061 -34.2193 49.9994 -29.5671 38.9956 -37.4532 49.7799 -44.5942 37.054 -42.7671 -49.5838 42.3069 9.38922 -31.9628 -33.6869 -10.831 41.3027 31.9695 
-14.0905 5.2485 7.943 -4.74242 18.7387 -40.036 3.0808 25.7294 -19.5705 49.2228 7.69711 37.7614 24.7809 12.891 -46.4579 24.7803 33.3239 42.5377 37.3271 33.1038 
47.9434 24.3811 40.3366 48.3596 16.688 -0.274148 -33.6032 33.0012 38.8949 -42.3005 14.9707 -25.1956 12.948 -27.0863 20.062 -18.3133 -17.1223 -26.8572 -42.5839 13.3072 
-27.6344 15.1132 1.0686 47.1466 -21.9958 4.61069 21.9269 -38.6719 -2.85166 9.25399 44.4318 -4.90824 -16.3649 34.7684 -6.54867 -49.6769 -15.5057 9.84813 33.3243 -26.6108 
17.5476 -1.70497 -1.80642 -19.5044 21.2087 -31.7444 12.1823 -45.9136 -8.60163 19.5984 17.3936 13.764 -15.2884 -31.5378 10.9106 12.7158 23.0729 -17.1626 24.0438 -29.7787 
42.0914 18.4757 15.313 -24.2735 3.2441 -41.2356 -23.9503 37.7384 18.6125 -40.626 -38.8724 -13.8399 7.66905 9.32115 16.6557 -21.1222 27.5767 -21.1621 -17.0358 -31.0249 
48.4363 -49.6421 32.7391 -16.8521 -31.1799 -6.3503 45.8637 41.893 26.4871 19.9075 -37.8857 18.5786 -11.6168 27.4273 44.3051 41.6273 36.1917 -29.6452 29.3657 4.8042 
-20.2712 40.4932 40.9643 37.3979 -0.185607 7.61995 -33.7243 -22.6089 36.4579 -0.760118 -3.63378 34.8942 -0.40226 -20.8947 -31.9579 18.4178 22.755 -36.0942 10.3109 -0.757828 
33.8134 22.4252 -32.1792 -27.8034 -0.147452 -37.8741 -36.1762 -13.9557 -17.5193 43.1895 40.8485 12.2095 33.6828 31.8128 -0.392558 -16.5028 -10.5673 15.8831 10.8883 -24.1094 
-34.877 -42.7455 -39.2152 14.7207 -13.6402 -21.173 -16.8614 -40.8851 -7.26723 43.4495 8.35703 -23.4539 15.8747 26.1778 -1.25731 -34.2728 38.3037 12.5665 1.77147 -29.2156 
5.75606 -7.38006 32.9939 -10.5612 -25.5673 -17.3987 22.936 13.8654 48.4845 -16.1757 39.756 -36.3925 -8.92121 -49.4591 28.3282 27.4386 -20.6322 -38.5332 36.5535 22.1006 
-45.0838 -5.08949 48.6467 20.7909 -28.9117 -2.6106 36.5181 -40.608 -40.0441 -11.7104 -19.8237 15.712 30.9095 -36.8298 -44.8492 -44.6578 -4.22844 28.0868 19.2076 -5.74398 