50 30
34.0188 -10.5617 28.3099 29.844 41.1647 -30.2449 -16.4777 26.823 -22.2225 5.397 -2.26029 12.8871 -13.5216 1.34009 45.223 41.6195 13.5712 21.7297 -35.8397 10.6969 -48.3699 -25.7113 -36.2768 30.4177 -34.3321 -9.90556 -37.021 -39.1191 49.8925 -28.1743 
1.29324 33.9112 11.264 -20.3968 13.7552 2.42872 -0.641701 47.2775 -20.7483 27.1358 2.6745 26.9914 -9.97714 39.1529 -21.6685 -14.7542 30.7725 41.9026 -43.0245 44.9327 2.59954 -41.3944 -30.7786 0.147976 39.0233 -15.1107 -43.5829 -47.9977 -4.22983 -43.6904 
-26.172 47.0634 40.2208 35.092 -23.3334 3.97603 -12.4793 26.0249 1.25354 16.7724 3.16064 -46.072 -6.23624 43.1835 43.081 22.0952 -21.5707 23.8534 13.9979 -14.5951 18.7861 -33.4026 -5.98955 38.0075 32.9201 -16.9663 -27.1032 39.3372 -14.964 18.667 
45.6468 8.86401 15.7304 35.8676 -6.04401 42.397 -10.1563 31.4767 18.4219 41.0972 -1.75093 -28.4175 45.0252 42.0128 -35.234 38.1062 14.1081 -6.80466 11.9596 -21.8941 28.6002 -19.2542 -5.29664 -27.3893 -31.2467 -22.3765 5.64438 -8.34987 -33.0393 40.6804 
-39.6829 -37.3925 -0.455593 26.0475 48.4752 43.5004 18.4445 -11.6812 24.9771 -13.1336 -20.584 -26.7738 8.44885 -25.5587 -34.761 23.2149 -37.4525 29.347 -33.5898 24.5071 -42.547 45.0104 -44.7471 2.15634 -32.3789 -25.9938 29.7798 23.2654 15.6564 46.7405 
13.9458 25.9735 -40.652 -36.5098 2.02101 -42.1768 -43.0094 -29.5345 -3.85795 31.9677 7.33186 25.5581 -44.8061 -34.2193 49.9994 -29.5671 38.9956 -37.4532 49.7799 -44.5942 37.054 -42.7671 -49.5838 42.3069 9.38922 -31.9628 -33.6869 -10.831 41.3027 31.9695 
-14.0905 5.2485 7.943 -4.74242 18.7387 -40.036 3.0808 25.7294 -19.5705 49.2228 7.69711 37.7614 24.7809 12.891 -46.4579 24.7803 33.3239 42.5377 37.3271 33.1038 47.9434 24.3811 40.3366 48.3596 16.688 -0.274148 -33.6032 33.0012 38.8949 -42.3005 
14.9707 -25.1956 12.948 -27.0863 20.062 -18.3133 -17.1223 -26.8572 -42.5839 13.3072 -27.6344 15.1132 0.147976 47.1466 -21.9958 4.61069 21.9269 -38.6719 -2.85166 9.25399 44.4318 -4.90824 -16.3649 34.7684 -6.54867 -49.6769 -15.5057 9.84813 33.3243 -26.6108 
17.5476 -1.70497 -1.80642 -19.5044 21.2087 -31.7444 12.1823 -45.9136 -8.60163 19.5984 17.3936 13.764 -15.2884 -31.5378 10.9106 12.7158 23.0729 -17.1626 24.0438 -29.7787 42.0914 18.4757 15.313 -24.2735 3.2441 -41.2356 -23.9503 37.7384 18.6125 -40.626 
-38.8724 -13.8399 7.66905 9.32115 16.6557 -21.1222 27.5767 -21.1621 -17.0358 -31.0249 48.4363 -49.6421 32.7391 -16.8521 -31.1799 -6.3503 45.8637 41.893 26.4871 19.9075 -37.8857 18.5786 -11.6168 27.4273 44.3051 41.6273 36.1917 -29.6452 29.3657 4.8042 
-20.2712 40.4932 40.9643 37.3979 -0.185607 7.61995 -33.7243 -22.6089 36.4579 -0.760118 -3.63378 34.8942 -0.40226 -20.8947 -31.9579 18.4178 22.755 -36.0942 10.3109 -0.757828 33.8134 22.4252 -32.1792 -27.8034 -0.147452 -37.8741 -36.1762 -13.9557 -17.5193 43.1895 
40.8485 12.2095 33.6828 31.8128 -0.392558 -16.5028 -10.5673 15.8831 10.8883 -24.1094 -34.877 -42.7455 -39.2152 14.7207 -13.6402 -21.173 -16.8614 -40.8851 -7.26723 43.4495 8.35703 -23.4539 15.8747 26.1778 -1.25731 -34.2728 38.3037 12.5665 1.77147 -29.2156 
5.75606 -7.38006 32.9939 -10.5612 -25.5673 -17.3987 22.936 13.8654 48.4845 -16.1757 39.756 -36.3925 -8.92121 -49.4591 28.3282 27.4386 -20.6322 -38.5332 36.5535 22.1006 -45.0838 -5.08949 48.6467 20.7909 -28.9117 -2.6106 36.5181 -40.608 -40.0441 -11.7104 
-19.8237 15.712 30.9095 -36.8298 -44.8492 -44.6578 -4.22844 28.0868 19.2076 -5.74398 -38.0889 8.96367 7.86348 2.98992 9.50453 -13.8083 -19.5715 38.8723 -2.34153 -33.018 10.9729 2.57471 11.8925 9.61962 -26.6344 32.9808 -42.991 -40.1163 42.3728 -33.035 
-1.82666 -27.4509 32.6769 -20.9171 -14.2807 37.8278 -15.5749 31.4909 15.9146 -46.3673 -24.2531 27.8257 12.5964 33.6104 -19.1843 -27.8991 -30.1979 11.2442 -39.0267 17.4605 28.2262 21.9462 -29.9648 -9.88123 -18.4342 -6.59914 -26.9004 -11.4252 3.2846 -34.5276 
5.53977 -48.5421 -11.9785 -11.7833 -19.4592 23.7408 -23.9555 14.9659 5.23164 41.9591 18.5986 30.9785 19.7848 -18.805 14.5889 -49.3995 3.29598 34.391 11.8447 14.2693 1.85149 -9.9291 -13.7846 21.8867 30.1897 17.7812 -34.7124 -46.7107 -43.6439 18.5722 
-31.2384 11.8958 20.0301 6.78311 -49.8875 -49.4291 -19.4761 -23.843 15.5368 35.7555 -31.8839 -15.8646 16.7341 37.9009 15.3305 -18.677 38.5014 -31.3735 -34.2861 0.346098 32.8957 17.5654 40.417 -30.8888 -10.5479 20.6067 36.8924 4.73971 23.8959 43.2485 
-26.6881 42.6576 5.14429 43.342 -0.559312 5.25684 43.9129 29.9646 31.4139 9.44973 15.7201 49.53 43.5852 -17.5459 37.4309 8.91567 13.7771 25.9324 27.5421 29.491 -23.7215 10.4379 -2.94358 -33.3045 29.549 36.5086 37.3021 16.4414 -8.75174 11.1981 
9.6899 14.5601 3.85565 -35.1658 7.90215 -46.7037 20.091 1.81507 33.2609 1.50491 -38.7352 -1.019 1.0349 -45.15 31.4351 -11.5342 13.7656 -4.78776 -35.6018 -8.69222 -25.2967 -9.32334 -48.2543 21.7597 7.37212 31.2947 8.26823 -5.32575 -2.26386 49.5165 
-44.1277 -42.574 14.0766 9.72798 -27.7398 -28.0212 13.0243 42.3513 23.7939 -3.71478 -6.14382 35.0586 0.147976 44.8911 39.9086 26.7014 -16.6431 3.67425 -28.0864 -2.24488 44.982 -3.38314 38.4318 46.7277 -31.6235 -4.1961 28.0224 26.6448 40.4782 -24.2415 
26.1612 46.3505 -16.8154 -9.76212 6.07845 5.44482 12.2167 -30.8972 -2.20391 -13.9895 15.388 41.6523 -28.9308 10.6542 36.5434 -39.0222 -12.6444 -30.0997 14.652 9.26919 17.6554 9.63405 -44.114 6.08718 6.36174 -25.7374 -48.1089 -15.6159 -49.0927 42.3692 
10.1427 27.0686 38.7197 43.3273 -32.6935 -5.20185 -1.22793 29.5231 13.9009 46.5682 -34.4664 -20.7111 38.2204 -13.3972 39.9431 24.7638 -2.41944 -22.7013 44.664 -37.7674 36.5679 12.3194 21.8666 42.454 -31.5934 -21.7716 -33.2835 -29.7023 12.6125 -32.3761 
-37.3331 -27.2448 44.6925 -48.6134 -33.9176 -38.0011 -3.81522 14.8545 41.5221 -39.9143 11.4227 -42.9443 -10.6254 -0.356904 -6.34151 -20.6823 -25.5931 41.2391 6.61645 -30.9291 -46.5284 -6.81565 31.3904 25.3383 -14.3617 49.797 -46.4334 2.35484 -29.9053 16.1792 
19.9787 -17.2384 38.9343 14.6712 -15.8518 -44.9832 26.6701 30.333 19.8713 18.1922 40.4187 -18.706 25.2479 -20.2067 30.9371 -31.0936 9.11106 -44.6561 -39.8546 -34.2725 -25.5851 -36.3829 8.91186 -44.1948 38.9553 44.5502 -44.3978 42.522 -3.095 -24.3031 
8.70112 -33.1163 8.45852 -2.36453 31.5549 42.6068 2.65226 8.22501 22.9398 -27.4764 -23.5828 13.3585 3.81753 -48.3349 43.1518 -15.2454 -29.4286 2.26287 -0.147452 -19.2832 17.9904 14.5134 -5.66611 -23.0978 20.3186 -16.7108 -28.5476 25.9208 -24.1888 18.3574 
-48.3823 34.5123 35.2411 10.0763 -17.8522 16.796 2.68302 34.8 -24.979 -24.3772 -42.6764 1.43822 38.9813 11.1411 3.10328 32.1331 45.8957 23.6747 -15.6041 -14.0058 -45.6085 -47.6137 -49.4924 -1.27458 -20.7114 20.8262 32.0146 0.740955 -3.25291 -42.1742 
-30.9016 -1.63516 42.3381 -45.6605 -41.5589 -25.5142 21.1355 11.1241 -40.7142 46.1565 36.7469 -33.3906 -2.40526 25.7282 27.7505 -49.302 7.86126 23.6462 24.3727 42.2572 -40.3596 28.7642 44.6435 -39.852 -22.5103 -26.0679 30.9743 -40.4957 24.673 -22.2786 
-32.6699 43.7714 26.0862 -40.3319 48.1109 34.5273 -15.846 19.2463 -4.34858 -6.56019 15.4029 -17.6017 10.0492 -37.0024 -41.8735 -12.2003 -36.3044 15.9878 -38.5541 38.0683 8.24496 -28.9137 16.8326 2.88848 -18.7657 44.3222 26.8206 -37.7914 -46.1735 1.4936 
-10.07 -28.8435 -4.73502 -33.9838 -19.1753 -6.62416 -49.4565 14.9787 -37.3778 -3.80509 -41.5815 28.0251 28.5932 18.4677 41.0227 36.7197 -43.7326 -45.2817 2.7075 -32.2867 42.7866 -39.0475 -11.2004 9.61913 13.8409 20.034 3.94134 -9.33849 32.2426 7.76783 
42.1551 -27.8274 28.9244 -12.5799 -11.8112 -40.2509 30.7959 -11.2677 24.7277 43.4181 34.9272 33.1462 21.4432 13.5204 1.61386 12.4658 0.240127 7.88125 17.1841 -47.0524 25.5945 9.97065 -36.0999 -35.6058 -30.4102 27.741 34.4281 23.5311 -31.5975 16.6707 
-18.701 -39.4424 38.8433 -39.7767 -2.02229 -22.9679 -30.0276 -21.2264 15.7643 44.7001 -27.8082 0.691465 27.8463 43.6349 -35.7881 -20.5399 6.10074 14.452 37.3414 -26.7152 17.3996 12.9359 33.2555 31.2997 27.3301 -47.1547 9.04071 11.7582 26.3764 27.4432 
-21.5711 -42.3247 38.0009 -32.7278 -32.1013 -14.0214 -5.69574 -12.129 14.7522 -39.9314 -17.4289 36.944 10.76 -39.5826 30.5789 24.9719 -10.1225 -13.3204 -10.5761 -22.7811 9.96445 -43.1765 40.1549 -6.78009 38.1232 17.485 -3.93483 -2.83612 -20.7568 -27.5585 
-25.3929 7.6721 -19.8831 -37.392 24.9443 -1.98445 -1.41342 -30.7514 35.8866 -36.6612 -20.6829 -31.5423 -49.7172 40.0772 -21.1248 30.8617 15.0491 18.7527 -32.4587 -45.5271 45.9716 27.5058 -38.7036 36.1265 -29.2743 49.4196 3.61146 16.7908 -3.41652 32.8546 
39.2324 21.1906 -9.47327 -30.6507 33.7986 -34.5289 17.3648 -17.6148 -15.2804 3.25141 -4.27603 14.0368 21.7092 -3.99325 4.11396 -49.4157 -23.1316 -30.837 19.337 -5.59027 -26.364 15.3087 -28.0845 -15.0676 1.43517 -7.35884 -15.648 -44.9534 -40.568 30.9355 
37.9013 48.6644 2.12608 -21.572 -31.9864 -14.0753 -6.10096 35.3785 18.3098 28.6187 -11.3701 -35.9662 -7.34455 -39.661 10.0405 46.7694 -39.0767 36.909 -34.0676 30.2604 -18.6813 -10.4316 -4.43096 3.23419 24.5008 47.0042 45.8753 -41.1472 -47.9492 -44.6927 
39.7883 39.9521 -46.0283 -8.08561 -31.6199 -28.0147 27.8391 12.2791 -42.6362 -3.85111 -9.10219 -4.00635 10.1827 33.5533 6.33267 -29.7768 30.3227 17.256 -42.8678 46.2551 -2.48361 -11.5491 -14.1765 43.0854 41.6851 -39.6756 40.0896 37.5604 -30.8228 42.1405 
42.8678 -41.0345 32.0926 46.8395 0.879889 -49.5273 -31.1752 -21.2811 12.7518 -23.8114 24.8678 -46.3504 22.1822 -14.9495 37.2028 -21.4851 5.27376 17.5255 45.7709 12.406 13.7806 -6.71268 -49.1431 49.6042 -13.6273 42.542 -40.0715 -23.5376 30.1024 -20.8943 
-31.3971 22.9702 -11.9288 -49.3046 19.8096 38.9511 -48.8319 38.6344 -32.33 13.9199 -35.177 42.5379 17.5694 37.0053 -22.4116 4.77228 -34.4798 32.8622 -27.7022 -38.7089 -4.73188 36.0784 4.57844 -3.87502 35.6826 40.9512 -11.3331 45.6111 -32.5864 -31.2307 
-25.2832 -13.9836 41.7395 12.788 -13.2882 11.5491 1.73907 -12.1201 0.183533 19.4091 -48.2002 15.0066 11.947 19.3692 2.01183 39.5354 -25.8585 17.532 22.3975 -3.56071 28.8231 -32.3344 -17.4823 -16.5984 13.7906 -31.7997 -25.6472 -47.5425 -36.1886 -8.23366 
-28.7731 -11.4718 27.7828 -37.0337 -48.6839 -35.5054 24.5154 3.05522 2.37453 -25.301 -27.5357 4.1743 39.7055 34.4113 -26.4565 -8.28264 23.9467 -2.315 -40.7506 -3.6558 44.1243 38.0725 14.0098 -23.358 -28.5259 -22.1995 -5.15772 -4.17314 -19.742 8.65366 
37.5932 1.48488 47.1818 15.376 14.4512 48.498 29.8706 -11.0333 1.55318 -17.7549 13.6656 24.0175 36.4194 3.37117 8.42881 -40.0371 45.0885 -17.6245 7.64793 -45.6621 28.7197 1.77222 42.4104 -7.27047 28.4142 -36.1155 20.53 -26.7435 9.71135 -49.212 
31.9102 -2.69545 2.27289 29.092 -37.3195 -33.2759 27.5899 42.5511 5.69077 -20.8569 -25.2038 -30.6436 -46.8394 -38.7843 22.7276 11.5894 -28.8214 17.8161 43.9649 28.8265 22.154 22.6846 -19.4013 14.5644 -34.5859 -40.987 28.4489 35.9441 -17.7305 -11.8397 
36.7321 -35.8204 35.4648 -10.995 43.2716 48.1453 5.72915 20.8616 40.6964 -38.5801 -49.9953 -34.5073 -19.2237 -46.8347 -23.2917 -46.4961 14.7548 -2.11309 21.32 8.7197 -23.2866 -6.52601 -18.5957 7.31219 -41.9616 -3.18154 16.3252 36.4873 -17.2374 48.5946 
-25.3524 -30.5052 -37.2257 -39.8876 8.49979 -43.9541 -41.7423 -35.7711 26.9074 48.9541 -24.3511 26.9121 -35.5532 6.42517 30.0775 -8.84488 9.92907 -0.147452 39.042 -18.7509 -46.4481 -34.2445 24.7231 -15.0438 23.0677 32.7615 31.7747 -10.6072 19.2488 -35.4627 
-12.0126 43.8963 -15.9679 0.761713 -45.9913 42.5318 6.8076 -37.7336 -43.2392 -16.285 0.147976 -17.5904 -39.3728 -24.3327 38.8348 40.7046 16.8224 -1.23612 -14.4631 5.86448 30.0129 -10.9112 21.6199 4.736 24.045 -5.3124 -12.5025 5.81976 34.0804 -43.2538 
20.3571 -27.9321 -49.3574 -45.6109 22.8296 -45.3487 46.921 -20.3628 -33.0823 -46.3182 13.3522 -21.8618 -13.9086 23.9794 3.80554 -25.0738 14.684 -29.372 23.6901 -49.7791 26.4925 3.70302 -10.6903 -1.88759 -41.561 -36.6452 42.8 -4.06353 19.1745 26.8804 
2.6827 -10.4684 48.9483 3.32526 -6.07927 21.7778 7.97653 -9.15829 -48.585 24.8942 -5.47653 14.7672 -46.9676 30.6149 -11.2534 6.83794 -44.4589 -46.5693 27.4659 29.2311 -46.3484 3.95839 -17.0658 -7.03867 -47.9292 -8.62682 6.31611 44.8708 37.3097 -24.5094 
21.7512 -10.0076 15.0222 20.6995 43.3176 -41.057 -7.52263 1.29414 -0.215321 -6.10761 -23.8117 44.3081 -41.3404 -20.7793 24.923 -2.59374 36.0587 30.4641 0.836938 13.5246 9.69521 4.48854 -32.517 42.6294 47.4499 -30.4462 -15.9974 3.76598 -35.5754 -28.6878 
29.2566 36.1759 11.3046 -5.72114 6.8754 4.62219 3.22183 49.3528 -44.0837 -46.9935 -6.75484 -17.8953 47.3147 1.90478 11.3254 22.2377 49.311 -2.61591 2.70173 0.147976 -39.0913 -37.6031 -45.3635 -21.6083 -44.9737 -47.9136 -2.05449 -10.9711 5.85237 12.3701 
10.3411 -14.891 -1.45399 -28.3543 29.3879 -44.5786 26.2679 -17.3903 -45.2258 32.1842 -14.3838 -1.98066 -35.7111 -17.0691 49.9241 25.6143 -44.8315 49.2352 -27.0016 7.87025 -0.616867 -16.0929 20.2672 4.01965 12.2988 25.2935 6.10604 -39.7557 -35.6776 -38.0416 